AA=0.0
AC=0.0
AG=0.25925925899999996
AT=0.0
CA=0.0
CC=0.0
CG=0.107142857
CT=0.0
GA=0.06944444400000001
GC=0.022222222000000003
GG=1.0
GT=0.016129031999999998
TA=0.0
TC=0.0
TG=0.038961038999999996
TT=0.0
